1980 0.843454 1 32.500000 79.000000
1981 0.780380 1 35.000000 78.000000
1982 0.811916 1 35.000000 78.000000
1983 0.738029 1 34.500000 78.500000
1984 0.729019 2 35.000000 78.000000
1985 0.683966 2 34.750000 78.000000
1986 0.668648 1 34.250000 78.500000
1987 0.792093 11 34.250000 78.750000
1988 0.891211 11 34.250000 78.500000
1989 0.701086 1 34.250000 78.500000
1990 0.956087 12 35.000000 78.000000
1991 0.837147 1 34.250000 78.500000
1992 0.849762 2 34.500000 78.250000
1993 0.765963 1 35.000000 77.750000
1994 0.864178 12 35.250000 78.000000
1995 0.644320 1 35.000000 77.750000
1996 0.686668 12 35.000000 78.000000
1997 0.692976 1 34.500000 78.500000
1998 0.830839 1 35.000000 78.000000
1999 0.853365 12 33.000000 78.000000
2000 0.727217 2 34.500000 78.250000
2001 0.766863 1 34.500000 78.250000
2002 0.779478 1 35.000000 77.750000
2003 0.873188 1 34.750000 78.000000
2004 0.852465 2 32.750000 78.000000
2005 0.737129 1 35.000000 78.000000
2006 1.012854 12 35.250000 77.750000
2007 0.735327 1 34.500000 78.250000
2008 0.779478 1 34.500000 78.500000
2009 0.972305 12 34.750000 78.000000
2010 0.816422 12 32.750000 77.750000
2011 0.747040 1 32.750000 78.000000
2012 0.681263 1 32.500000 79.000000
2013 0.738029 1 34.500000 78.250000
2014 0.785786 2 34.250000 78.750000
2015 0.855167 1 34.250000 78.500000
2016 0.785786 2 34.250000 78.750000
2017 1.011951 12 35.250000 78.000000
2018 0.767765 1 35.000000 78.000000
2019 0.769567 12 34.250000 78.500000
2020 0.824532 2 35.000000 78.000000
2021 0.773170 12 35.000000 78.000000
