1980 0.832642 1 34.500000 78.250000
1981 0.773170 1 34.250000 78.750000
1982 0.809214 2 34.500000 78.500000
1983 0.736227 1 35.000000 78.000000
1984 0.713701 2 34.250000 78.750000
1985 0.682163 2 32.500000 78.250000
1986 0.666845 1 32.500000 79.000000
1987 0.783983 11 32.500000 79.000000
1988 0.889408 11 32.500000 79.000000
1989 0.698383 1 35.000000 77.750000
1990 0.951580 2 35.000000 78.000000
1991 0.836245 1 34.500000 78.250000
1992 0.838047 2 34.250000 78.500000
1993 0.756050 1 34.250000 78.500000
1994 0.864178 1 35.250000 77.750000
1995 0.638912 1 34.250000 78.500000
1996 0.684868 12 35.250000 77.750000
1997 0.690273 1 35.250000 77.750000
1998 0.827234 11 33.000000 78.000000
1999 0.849762 12 32.750000 78.250000
2000 0.721811 2 32.750000 78.250000
2001 0.762358 1 35.000000 77.750000
2002 0.759655 1 34.500000 78.250000
2003 0.872288 1 32.250000 77.750000
2004 0.852465 2 33.000000 78.000000
2005 0.730822 1 34.250000 78.750000
2006 1.011951 1 34.750000 78.000000
2007 0.727217 1 34.250000 78.500000
2008 0.775873 2 35.000000 78.000000
2009 0.962393 2 35.250000 77.750000
2010 0.814619 11 32.500000 79.000000
2011 0.743437 1 32.750000 78.250000
2012 0.681263 1 34.500000 78.250000
2013 0.734425 1 34.250000 78.500000
2014 0.778578 2 35.250000 77.750000
2015 0.847960 1 35.000000 77.750000
2016 0.775873 2 35.250000 77.500000
2017 1.005644 12 32.500000 79.000000
2018 0.765963 12 35.250000 77.500000
2019 0.765963 12 34.500000 78.250000
2020 0.822729 2 35.250000 77.750000
2021 0.757853 12 35.250000 77.750000
