1980 0.787588 1 34.750000 78.000000
1981 0.763260 1 35.250000 77.750000
1982 0.800203 2 35.000000 78.000000
1983 0.725414 1 34.250000 78.750000
1984 0.708294 1 34.500000 78.500000
1985 0.656935 2 32.750000 78.250000
1986 0.654230 1 34.750000 78.000000
1987 0.765963 1 32.500000 79.000000
1988 0.854267 11 35.250000 77.500000
1989 0.643417 1 34.750000 78.000000
1990 0.947075 11 34.500000 78.500000
1991 0.789391 1 34.750000 78.000000
1992 0.805609 2 34.750000 78.000000
1993 0.710096 1 34.750000 78.000000
1994 0.840750 2 34.750000 78.000000
1995 0.601068 1 34.750000 78.000000
1996 0.677658 12 32.500000 79.000000
1997 0.675856 1 35.250000 78.000000
1998 0.817324 11 35.250000 78.000000
1999 0.813719 12 34.750000 78.000000
2000 0.682163 2 34.750000 78.000000
2001 0.711899 1 34.750000 78.000000
2002 0.723612 1 34.750000 78.000000
2003 0.857870 11 34.250000 78.750000
2004 0.842552 2 32.750000 78.250000
2005 0.720009 12 34.500000 78.500000
2006 1.001139 12 35.250000 78.000000
2007 0.699284 1 32.500000 79.000000
2008 0.762358 2 35.250000 77.750000
2009 0.946175 2 35.250000 78.000000
2010 0.768665 12 34.750000 78.000000
2011 0.714602 1 34.750000 78.000000
2012 0.640715 1 34.750000 78.000000
2013 0.708294 1 34.750000 78.000000
2014 0.767765 2 35.250000 78.000000
2015 0.797499 1 34.750000 78.000000
2016 0.767765 1 35.000000 78.000000
2017 0.950680 1 34.750000 78.000000
2018 0.751545 12 32.500000 79.000000
2019 0.729019 12 34.750000 78.000000
2020 0.805609 2 34.250000 78.750000
2021 0.745237 1 34.750000 78.000000
