1980 0.759655 1 35.250000 77.500000
1981 0.754248 1 35.250000 78.000000
1982 0.800203 1 34.500000 78.500000
1983 0.722712 2 35.000000 78.000000
1984 0.701086 2 35.250000 78.000000
1985 0.652430 2 35.250000 77.750000
1986 0.631704 1 35.250000 77.500000
1987 0.763260 1 35.250000 77.500000
1988 0.824532 11 35.250000 77.750000
1989 0.627199 1 34.500000 78.500000
1990 0.934462 12 35.250000 77.750000
1991 0.765963 1 35.250000 77.500000
1992 0.777676 2 35.250000 77.500000
1993 0.679461 1 34.500000 78.500000
1994 0.799301 2 34.500000 78.500000
1995 0.580343 1 35.250000 77.500000
1996 0.674055 12 35.250000 78.000000
1997 0.665043 2 34.500000 78.500000
1998 0.815521 11 35.000000 78.000000
1999 0.802006 12 35.250000 77.500000
2000 0.654230 2 35.250000 77.500000
2001 0.689373 1 34.500000 78.500000
2002 0.713701 1 35.250000 77.500000
2003 0.839849 1 32.500000 79.000000
2004 0.815521 2 35.000000 78.000000
2005 0.719107 1 35.250000 77.750000
2006 0.967800 1 35.250000 77.500000
2007 0.699284 1 35.250000 77.500000
2008 0.759655 2 34.250000 78.750000
2009 0.941669 12 35.250000 77.500000
2010 0.757853 12 34.500000 78.500000
2011 0.676758 1 34.500000 78.500000
2012 0.610079 1 35.250000 77.500000
2013 0.683065 1 35.250000 77.500000
2014 0.754248 1 35.250000 77.500000
2015 0.766863 1 34.500000 78.500000
2016 0.760555 2 35.250000 78.000000
2017 0.912836 1 34.500000 78.500000
2018 0.741634 12 34.500000 78.500000
2019 0.702888 12 35.250000 77.500000
2020 0.796598 1 34.500000 78.500000
2021 0.727217 1 34.250000 78.750000
