1980 0.829937 1 34.250000 78.500000
1981 0.772270 12 32.500000 79.000000
1982 0.805609 1 35.250000 77.750000
1983 0.725414 2 34.500000 78.500000
1984 0.710096 2 35.250000 77.750000
1985 0.681263 2 35.250000 77.500000
1986 0.656935 1 33.000000 78.000000
1987 0.769567 1 34.750000 78.000000
1988 0.857870 11 34.500000 78.250000
1989 0.693878 1 34.500000 78.250000
1990 0.950680 11 35.250000 77.750000
1991 0.830839 1 32.500000 79.000000
1992 0.833542 2 32.500000 79.000000
1993 0.755150 1 34.500000 78.250000
1994 0.856970 1 35.250000 78.000000
1995 0.633507 1 34.500000 78.250000
1996 0.681263 1 34.500000 78.500000
1997 0.678560 1 34.250000 78.750000
1998 0.827234 1 34.250000 78.750000
1999 0.825432 12 32.500000 79.000000
2000 0.692976 2 32.500000 79.000000
2001 0.761457 1 34.250000 78.500000
2002 0.756952 1 34.250000 78.500000
2003 0.872288 1 32.750000 77.750000
2004 0.850662 2 35.250000 77.500000
2005 0.720909 12 35.250000 77.500000
2006 1.007446 3 35.250000 78.000000
2007 0.700186 1 34.750000 78.000000
2008 0.774073 2 34.500000 78.500000
2009 0.958790 2 34.250000 78.750000
2010 0.768665 12 32.500000 79.000000
2011 0.717304 1 32.500000 79.000000
2012 0.678560 1 34.250000 78.500000
2013 0.715504 1 32.500000 79.000000
2014 0.774973 1 34.750000 78.000000
2015 0.847057 1 34.500000 78.250000
2016 0.767765 2 35.000000 78.000000
2017 0.996634 12 34.250000 78.750000
2018 0.753347 1 35.250000 77.750000
2019 0.764160 12 32.500000 79.000000
2020 0.811016 2 35.250000 78.000000
2021 0.750645 12 35.250000 78.000000
