1980 0.741634 1 34.500000 78.500000
1981 0.748842 12 35.000000 78.000000
1982 0.789391 1 35.250000 78.000000
1983 0.716404 1 35.250000 77.750000
1984 0.699284 1 35.250000 77.500000
1985 0.648825 2 34.500000 78.500000
1986 0.617287 1 35.000000 78.000000
1987 0.723612 1 35.250000 77.750000
1988 0.820026 11 35.250000 78.000000
1989 0.618189 1 34.250000 78.750000
1990 0.932659 2 35.250000 77.750000
1991 0.752447 1 34.500000 78.500000
1992 0.754248 2 34.500000 78.500000
1993 0.673153 1 35.250000 77.500000
1994 0.790291 2 35.250000 77.500000
1995 0.566828 1 34.500000 78.500000
1996 0.674055 1 35.250000 77.500000
1997 0.664143 2 35.250000 77.500000
1998 0.813719 1 35.250000 77.750000
1999 0.785786 12 34.500000 78.500000
2000 0.644320 2 34.500000 78.500000
2001 0.667747 1 34.250000 78.750000
2002 0.682163 1 34.500000 78.500000
2003 0.839849 1 34.500000 78.500000
2004 0.812817 2 35.250000 77.750000
2005 0.706491 12 34.250000 78.750000
2006 0.966900 1 34.500000 78.500000
2007 0.665043 1 35.250000 77.750000
2008 0.756952 2 35.250000 78.000000
2009 0.909231 12 34.500000 78.500000
2010 0.752447 12 34.250000 78.750000
2011 0.676758 1 35.250000 77.500000
2012 0.601969 1 34.500000 78.500000
2013 0.666845 1 35.000000 78.000000
2014 0.733524 1 34.500000 78.500000
2015 0.765060 1 34.250000 78.750000
2016 0.760555 1 35.250000 77.750000
2017 0.904726 1 34.250000 78.750000
2018 0.741634 12 35.000000 78.000000
2019 0.691174 12 34.500000 78.500000
2020 0.795698 1 35.250000 77.500000
2021 0.725414 1 34.500000 78.500000
