1980 0.732624 1 34.250000 78.750000
1981 0.747942 12 35.250000 77.750000
1982 0.788488 2 34.250000 78.750000
1983 0.715504 2 35.250000 77.750000
1984 0.690273 1 34.250000 78.750000
1985 0.647022 2 35.000000 78.000000
1986 0.612782 1 34.500000 78.500000
1987 0.722712 1 34.500000 78.500000
1988 0.811016 11 34.750000 78.000000
1989 0.617287 1 35.250000 77.500000
1990 0.929054 12 35.250000 78.000000
1991 0.741634 1 35.000000 78.000000
1992 0.751545 2 35.000000 78.000000
1993 0.668648 1 34.250000 78.750000
1994 0.783983 2 34.250000 78.750000
1995 0.560520 1 35.000000 78.000000
1996 0.668648 1 34.250000 78.750000
1997 0.658735 2 35.000000 78.000000
1998 0.801104 11 34.500000 78.500000
1999 0.774973 12 35.000000 78.000000
2000 0.637112 2 35.000000 78.000000
2001 0.666845 1 35.000000 78.000000
2002 0.682163 1 35.000000 78.000000
2003 0.837147 1 35.250000 77.750000
2004 0.801104 2 35.250000 78.000000
2005 0.701986 1 35.250000 78.000000
2006 0.956087 1 34.250000 78.750000
2007 0.663242 1 35.000000 78.000000
2008 0.755150 1 35.250000 77.500000
2009 0.909231 12 35.000000 78.000000
2010 0.750645 12 35.250000 77.500000
2011 0.666845 1 35.000000 78.000000
2012 0.593861 1 35.000000 78.000000
2013 0.664143 1 34.500000 78.500000
2014 0.726316 1 35.000000 78.000000
2015 0.761457 1 35.250000 77.500000
2016 0.756050 2 35.250000 77.750000
2017 0.901121 1 35.250000 77.500000
2018 0.740732 1 35.250000 78.000000
2019 0.684868 12 34.250000 78.750000
2020 0.794796 1 34.250000 78.750000
2021 0.720009 1 35.250000 77.500000
