1980 0.730822 1 35.000000 78.000000
1981 0.738029 12 34.500000 78.500000
1982 0.785786 1 34.250000 78.750000
1983 0.710999 2 34.250000 78.750000
1984 0.689373 1 35.000000 78.000000
1985 0.632605 2 35.250000 78.000000
1986 0.606474 1 35.250000 77.750000
1987 0.720909 1 35.000000 78.000000
1988 0.796598 11 35.000000 78.000000
1989 0.601068 1 35.000000 78.000000
1990 0.929054 11 35.250000 78.000000
1991 0.736227 1 34.250000 78.750000
1992 0.742535 2 35.250000 77.750000
1993 0.665043 1 35.000000 78.000000
1994 0.777676 2 35.000000 78.000000
1995 0.556917 1 34.250000 78.750000
1996 0.663242 1 35.000000 78.000000
1997 0.641617 2 34.250000 78.750000
1998 0.797499 11 32.500000 79.000000
1999 0.771368 12 35.250000 77.750000
2000 0.631704 2 34.250000 78.750000
2001 0.665945 1 35.250000 77.500000
2002 0.678560 1 35.250000 77.750000
2003 0.832642 1 35.000000 78.000000
2004 0.799301 2 32.500000 79.000000
2005 0.701086 12 35.000000 78.000000
2006 0.947977 1 35.000000 78.000000
2007 0.657835 1 34.500000 78.500000
2008 0.749743 1 35.000000 78.000000
2009 0.895716 12 34.250000 78.750000
2010 0.730822 12 35.000000 78.000000
2011 0.658735 1 34.250000 78.750000
2012 0.592058 1 34.250000 78.750000
2013 0.653330 1 35.250000 77.750000
2014 0.724514 1 34.250000 78.750000
2015 0.745237 1 35.000000 78.000000
2016 0.754248 1 34.500000 78.500000
2017 0.886705 1 35.000000 78.000000
2018 0.731722 12 35.250000 77.750000
2019 0.679461 12 35.000000 78.000000
2020 0.778578 1 35.000000 78.000000
2021 0.708294 1 35.000000 78.000000
