1980 0.699284 1 35.250000 78.000000
1981 0.723612 12 34.250000 78.750000
1982 0.771368 2 35.250000 78.000000
1983 0.701086 2 35.250000 78.000000
1984 0.661440 1 35.250000 78.000000
1985 0.582146 2 32.500000 79.000000
1986 0.595661 1 35.250000 78.000000
1987 0.701086 1 34.250000 78.750000
1988 0.787588 11 34.500000 78.500000
1989 0.582146 1 35.250000 78.000000
1990 0.916439 11 34.250000 78.750000
1991 0.721811 1 35.250000 78.000000
1992 0.729919 2 34.250000 78.750000
1993 0.642517 1 35.250000 78.000000
1994 0.746140 2 35.250000 78.000000
1995 0.546104 1 35.250000 78.000000
1996 0.642517 1 35.250000 78.000000
1997 0.631704 2 35.250000 78.000000
1998 0.781281 11 34.250000 78.750000
1999 0.765060 12 35.250000 78.000000
2000 0.620892 2 35.250000 78.000000
2001 0.646122 1 35.250000 77.750000
2002 0.666845 1 35.250000 78.000000
2003 0.815521 1 35.250000 78.000000
2004 0.745237 2 34.250000 78.750000
2005 0.681263 12 35.250000 78.000000
2006 0.919144 1 35.250000 78.000000
2007 0.645220 1 35.250000 78.000000
2008 0.723612 1 35.250000 77.750000
2009 0.871386 12 35.250000 78.000000
2010 0.710999 12 35.250000 78.000000
2011 0.637112 1 35.250000 78.000000
2012 0.570433 1 35.250000 78.000000
2013 0.644320 1 35.250000 78.000000
2014 0.701986 1 35.250000 78.000000
2015 0.720909 1 35.250000 78.000000
2016 0.734425 1 34.250000 78.750000
2017 0.854267 1 35.250000 78.000000
2018 0.714602 12 35.250000 78.000000
2019 0.658735 12 35.250000 78.000000
2020 0.753347 1 35.250000 78.000000
2021 0.689373 1 35.250000 78.000000
