1980 0.715504 1 35.250000 77.750000
1981 0.729019 12 35.250000 78.000000
1982 0.780380 2 35.250000 77.750000
1983 0.707394 1 35.250000 78.000000
1984 0.669548 1 35.250000 77.750000
1985 0.609179 2 34.250000 78.750000
1986 0.595661 1 34.250000 78.750000
1987 0.702888 1 35.250000 78.000000
1988 0.794796 11 34.250000 78.750000
1989 0.592058 1 35.250000 77.750000
1990 0.919144 2 35.250000 78.000000
1991 0.733524 1 35.250000 77.750000
1992 0.730822 2 35.250000 78.000000
1993 0.647923 1 35.250000 77.750000
1994 0.751545 2 35.250000 77.750000
1995 0.552410 1 35.250000 77.750000
1996 0.644320 1 35.250000 77.750000
1997 0.638912 2 35.250000 77.750000
1998 0.795698 1 35.250000 78.000000
1999 0.765963 12 34.250000 78.750000
2000 0.626299 2 35.250000 77.750000
2001 0.646122 1 35.250000 78.000000
2002 0.667747 1 34.250000 78.750000
2003 0.826334 1 34.250000 78.750000
2004 0.785786 2 34.500000 78.500000
2005 0.691174 12 35.250000 77.750000
2006 0.926352 1 35.250000 77.750000
2007 0.646122 1 34.250000 78.750000
2008 0.723612 1 35.250000 78.000000
2009 0.893913 12 35.250000 77.750000
2010 0.720009 12 35.250000 77.750000
2011 0.646122 1 35.250000 77.750000
2012 0.578543 1 35.250000 77.750000
2013 0.651527 1 34.250000 78.750000
2014 0.716404 1 35.250000 77.750000
2015 0.727217 1 35.250000 77.750000
2016 0.750645 1 35.250000 78.000000
2017 0.860575 1 35.250000 77.750000
2018 0.727217 12 34.250000 78.750000
2019 0.669548 12 35.250000 77.750000
2020 0.760555 1 35.250000 77.750000
2021 0.697481 1 35.250000 77.750000
